2005  10   1   1000     500   263.1  0.005  0   300    100     0.6   87480.
2005  10   2   1000     500   263.1  0.005  0   300    100     0.6   87480.
2005  10   3   1000     500   293.1  0.0  0   300    100     0.6   87480.
2005  10   4   1000     500   293.1  0.0  0   300    100     0.6   87480.
2005  10   5   1000     500   293.1  0.0  0   300    100     0.6   87480.
2005  10   6   1000     500   293.1  0.0  0   300    100     0.6   87480.
2005  10   7   1000     500   293.1  0.0  0   300    100     0.6   87480.
2005  10   8   1000     500   293.1  0.0  0   300    100     0.6   87480.
2005  10   9   1000     500   293.1  0.0  0   300    100     0.6   87480.
2005  10  10   1000     500   293.1  0.0  0   300    100     0.6   87480.
2005  10  11   1000     500   293.1  0.0  0   300    100     0.6   87480.
2005  10  12   1000     500   293.1  0.0  0   300    100     0.6   87480.
2005  10  13   1000     500   293.1  0.0  0   300    100     0.6   87480.
2005  10  14   1000     500   293.1  0.0  0   300    100     0.6   87480.
2005  10  15   1000     500   293.1  0.0  0   300    100     0.6   87480.
2005  10  16   1000     500   293.1  0.0  0   300    100     0.6   87480.
2005  10  17   1000     500   293.1  0.0  0   300    100     0.6   87480.
2005  10  18   1000     500   293.1  0.0  0   300    100     0.6   87480.
2005  10  19   1000     500   293.1  0.0  0   300    100     0.6   87480.
2005  10  20   1000     500   293.1  0.0  0   300    100     0.6   87480.
2005  10  21   1000     500   293.1  0.0  0   300    100     0.6   87480.
2005  10  22   1000     500   293.1  0.0  0   300    100     0.6   87480.
2005  10  23   1000     500   293.1  0.0  0   300    100     0.6   87480.
2005  10  24   1000     500   293.1  0.0  0   300    100     0.6   87480.
